100110111011100110010000100010001 00101100010000101
011011100101010100000100000001100 01110010010110110
110100111010111110100110000101110 01111001110001101
101011110111001111110111011011101 10100110111000101
001000111010110101000110001010100 01101001110101110
111001000011001110011110011011001 10000010101000001
000000110111001001010111011000101 01011010110101010
110100101010111010010000101001111 01100011010101101
101001110111101111010010100010010 01111010000001001
101001000001110011011001100000001 01111101100111011
000000100110111101111101110000111 10000000001100110
010100110010110101110011111111110 11000111001011000
011011111101100100001101011100100 01111101010010110
100111110011011101000011010101000 11100010100010110
001111100010110011011010001001100 00011000010100101
001110010001110110010010101000110 11001011110000000
001101000101101001000001100001100 01110101111000000
001100110010011011000010100101101 11110101101111010
010110111001010011010111111100000 00110011100001001
100010100010010000101011101101101 10110101110110110
001110110011011011110101000001100 00110000001111001
010101001001101010011100100011001 11110001001001110
110000101000011000101010010000011 11101100110010000
011101001110111010101010001001000 00011111000100101
001101110101111110000011010010110 10111010101010100
010110111100010001110100110010101 11010000100011110
011000111111110111011110101111100 01000010101110111
111110100000111110111010001111111 10110100010011111
110000111011000111100001111010110 10100101100111001
000011110111000100010000010101110 00011111110010000
101101101100110010010001010111110 01001000001010111
001000111101000101010111001000000 01111010111100010
