10110011010100101101000001001001 00100010100011011
10010110111100000101000100111001 01110000011100001
11100101000110001010010001010001 00011010101110001
01011000011001100001000101100101 00111001001001001
10111011011000111111101110101001 00110111101101000
10001000001100011111001100110010 01110100110100010
10101110000110111010011111010110 00100111101100100
11100010010110110100011110000101 00000010011000111
00011011111000110000111000010011 00011101000101110
11011101010111011110010100101101 00001100011010000
