100111010100110111101000110110111 11000011000101001
010111111100011001011101011111010 01011110101000011
000000010011010001001001100101111 00100101011001100
100111010010001101111001110010100 10001011011101101
001000101110001100110001101001111 00101010010001011
011100011010110011001011010110011 10011110100000110
011000110111110100011111000111000 01000001010011001
101101001101010101111001001000110 10010110111111000
011000100000100000110000010011110 01001001001010111
110000111100010110110110111110101 10111101011000000
